0.850336 0.084371 1.325069 1.100292 1.002341 
1.274332 0.734291 0.806506 0.418060 1.209018 
1.122109 0.373024 -0.199120 0.319675 1.698719 
0.210172 0.955208 1.611914 1.451746 1.175915 
0.069085 -0.023644 1.048243 1.612891 1.259231 
0.898051 -0.140130 1.761486 0.441331 0.585332 
1.321869 0.854991 0.626310 0.887255 1.098522 
1.424928 0.383434 1.095352 0.750707 0.751294 
0.788190 1.185909 1.178105 1.108471 0.679587 
1.178970 0.963253 0.875423 0.696144 0.984874 
0.634005 1.246776 0.990995 0.708119 0.681735 
0.783714 1.866942 0.748604 0.776080 0.839548 
1.312443 -0.227965 1.229119 1.426885 0.249723 
0.094605 0.839878 1.178441 1.437375 1.102581 
1.735100 0.905502 1.229764 0.004195 -0.494177 
1.619635 0.517697 0.713789 1.047217 0.817393 
0.708026 -0.129050 1.174788 0.958841 0.936767 
0.695709 1.045428 1.255686 0.388355 0.905201 
0.840754 0.098557 1.143019 1.042837 0.936698 
-0.069567 1.678615 0.777446 1.793628 -0.963227 
1.189565 0.285597 1.314931 0.417293 0.986831 
1.191939 -0.038239 1.045781 1.024885 1.089770 
0.376775 0.398735 1.442634 1.146853 0.760306 
1.129318 0.956058 0.736000 0.720376 1.329640 
0.366566 1.505849 0.684498 1.309186 0.990719 
1.276967 0.522913 0.773940 0.498622 0.701889 
1.128224 0.870485 0.467273 0.571357 0.921435 
0.686212 0.623649 0.630057 1.155020 1.370101 
0.562938 0.909894 1.289857 0.726784 1.033592 
0.824650 1.017784 0.963522 0.557613 1.521343 
0.444433 -0.253778 1.244237 1.175749 1.317486 
0.977629 0.938921 0.602533 0.311855 1.266547 
0.969584 1.119753 0.335897 0.916230 1.149732 
0.564537 0.487174 1.345357 0.852709 2.183405 
1.033764 1.291659 -0.305658 0.813652 0.614577 
-0.080980 1.744558 -0.433148 0.384090 2.421993 
0.640048 0.560423 0.425600 1.346217 1.286146 
0.561190 2.618458 1.453971 0.496988 -0.601063 
0.218351 0.717231 0.786419 1.423294 1.358466 
0.735797 0.556483 0.766564 0.975398 0.536552 
0.534284 0.226863 1.079050 1.057547 1.159819 
1.391491 0.838358 0.606980 1.528021 -0.409624 
1.048419 1.125080 0.922826 1.057409 0.145188 
0.859309 0.348120 0.657268 1.522891 0.816902 
1.095038 0.661228 0.844264 1.012913 1.121052 
0.780676 1.300944 1.020847 0.415649 1.335783 
0.411293 0.698447 1.401384 0.515856 1.255732 
1.259153 0.629019 0.429255 0.998293 0.931720 
0.224385 0.176792 1.629553 0.122254 1.222530 
0.174530 0.051177 1.173998 1.212895 1.271103 
1.337446 0.113582 -0.386574 2.069405 0.428878 
0.767007 1.460861 1.348543 0.624765 0.779895 
1.503895 0.774242 0.874306 0.887636 0.170729 
0.083725 1.677778 0.962607 0.825102 1.298406 
1.727306 0.349040 0.002646 0.172254 1.446627 
1.119068 0.894849 0.252626 1.204117 0.874808 
0.839370 1.276762 0.919581 0.924522 0.562309 
0.467227 0.250953 0.962342 1.322760 1.312652 
1.065627 0.757698 0.629199 0.513206 1.712435 
0.704365 0.939769 0.982570 0.949942 1.165632 
2.148832 -0.190927 0.251969 1.333089 0.036664 
0.832794 0.305530 1.322761 0.691452 0.793655 
0.183198 0.692019 1.086432 0.732331 1.154368 
0.982433 0.257373 1.165659 1.037462 0.628446 
1.288616 1.148482 0.910818 0.610520 0.177907 
0.910103 0.901325 0.306126 1.208852 0.708012 
0.502068 1.728832 0.344370 0.729187 1.623975 
0.621366 -0.117718 2.390375 0.955671 0.464013 
1.142559 0.255018 1.260908 0.561252 1.157300 
0.974917 0.779518 0.973207 0.774474 0.663000 
0.292840 1.150437 0.927429 0.310869 1.547760 
1.126443 1.592414 0.648960 -0.134198 1.199601 
0.919310 -0.391112 1.463315 0.584152 1.084460 
1.074373 1.253630 0.512870 0.505073 0.962668 
0.602919 0.502470 1.159639 0.654341 1.681330 
1.044150 -0.167646 1.429406 0.437001 1.026969 
0.381657 -0.145648 1.170625 1.329392 1.048591 
1.029123 0.687361 1.822246 1.228874 -0.269719 
0.259158 0.902015 1.468659 0.761045 1.086736 
0.984651 1.092525 0.630750 0.913058 0.631380 
1.399794 0.665588 0.282701 0.520912 1.166636 
1.232441 0.441728 0.939278 0.625596 0.367717 
1.583621 0.905732 0.148083 1.318430 -0.262927 
0.744087 1.317939 1.299536 0.820886 0.453903 
0.876004 0.550162 1.258934 0.648193 0.582179 
0.262378 0.421927 1.501580 1.119663 1.158903 
1.292983 0.931575 0.546886 1.464017 0.338365 
-0.115323 1.932724 1.050098 1.076777 0.428434 
0.959489 1.071159 0.223740 1.421244 1.452008 
1.118889 0.757857 1.448206 0.729122 0.558563 
1.255200 0.871840 0.046727 1.081808 1.071202 
0.917607 0.649817 0.917661 0.631126 1.128711 
-0.214860 1.944760 1.112643 0.906161 0.349667 
0.778151 0.627524 1.458240 0.440128 1.302083 
0.992814 0.766974 1.086622 1.019989 0.201947 
0.844945 1.246900 0.511303 0.954462 1.250268 
0.419036 1.367983 0.300624 1.084353 1.919665 
0.635917 1.687208 1.403241 -0.484654 1.140167 
1.505466 0.527725 -0.002183 0.814831 1.380797 
1.141383 1.379011 0.791526 0.532664 -0.057037 
1.404890 0.693457 0.307738 0.898310 0.312243 
0.595273 0.620780 0.711828 0.824919 0.550235 
0.603099 1.302765 1.005180 0.370422 1.240327 
1.181642 0.269996 0.998475 0.617384 0.382544 
1.000187 0.473388 1.594037 0.809665 0.380993 
1.034067 0.979469 1.003433 0.460513 0.623310 
-0.257504 0.459266 2.052196 0.418186 1.197839 
0.413585 0.552627 1.513790 0.965299 0.880072 
1.167969 0.989978 0.041995 1.333799 0.419734 
0.861747 1.343623 0.329431 0.792963 0.296722 
1.143308 0.868586 0.913314 0.910563 0.311536 
1.513325 1.468877 0.842180 0.536251 -0.010252 
0.912698 1.456381 -0.340275 0.837624 1.590936 
0.355904 0.461516 1.051521 1.101993 0.918690 
0.593405 -0.145780 0.808389 0.913502 1.993192 
1.078354 0.491307 0.555081 0.581359 0.986653 
0.884577 0.793179 0.635746 1.356811 1.126110 
0.607328 0.829367 1.051831 1.373065 1.484545 
0.537339 1.276357 1.149915 1.231008 0.713285 
0.835497 1.439707 1.548020 0.311937 0.149317 
1.081907 0.180345 1.864811 0.971356 -0.123510 
0.349676 1.211749 1.679794 -0.192596 1.245111 
0.801965 0.135549 1.671651 -0.282922 1.145219 
-0.001802 0.768190 0.055999 0.959531 2.479254 
1.470215 0.879543 0.657347 1.457956 -0.562483 
-0.153624 1.495317 1.213395 0.841387 0.782376 
-0.028205 1.440149 -0.999581 2.904580 0.716980 
0.885979 0.930212 0.981836 0.539449 0.982138 
1.356695 0.423297 1.384799 -0.358091 0.380223 
1.300861 1.426478 0.466661 0.871741 0.972783 
1.368986 1.339481 0.398264 0.037343 1.373735 
0.645380 -0.072857 1.355201 0.150984 1.295284 
0.227694 0.580624 1.591565 1.379005 0.554226 
1.388561 1.587053 -0.151085 0.975947 -0.045791 
0.864783 0.660758 0.889918 0.667227 1.118234 
0.756181 0.813130 1.571044 0.456860 0.935357 
0.045049 1.263770 0.255238 2.228641 1.200600 
1.160040 0.555968 0.694616 1.112124 1.098545 
1.131594 0.766617 0.670188 0.536940 1.353266 
1.160593 0.576909 1.338644 0.690480 0.706692 
1.055559 2.055329 -0.392664 0.985989 0.060681 
0.815317 0.956761 1.063034 0.320772 1.261373 
0.785822 0.699509 -0.267140 1.694599 1.575574 
1.293345 0.813837 1.061696 0.537387 0.487314 
1.222568 0.142934 0.572140 1.454968 1.019672 
1.141150 0.233753 1.496619 0.894619 0.661503 
0.757273 1.423876 1.031181 0.470512 1.076236 
0.149245 0.448896 1.316133 1.754583 0.759132 
1.204060 0.522440 0.871831 -0.131909 1.077848 
0.972757 0.952703 0.868938 0.516951 1.242841 
0.759923 0.786318 1.627787 0.819756 0.437001 
1.413091 1.768120 0.563554 0.944327 -0.101489 
0.629251 1.317781 0.261412 -0.362414 1.701364 
1.233578 -0.149217 0.851278 0.485076 1.429989 
0.906100 0.904402 0.823820 -0.377124 1.271726 
0.986281 0.038592 1.401513 -0.142831 1.001256 
0.952102 0.256448 1.534065 1.287953 0.813746 
0.953093 0.699018 1.174626 0.864621 0.922510 
1.555619 0.941892 -0.296906 1.281054 0.662007 
1.059037 0.550607 0.757681 0.339023 1.692117 
0.506090 0.547397 0.391076 0.600362 0.958351 
1.051684 1.355620 0.023771 0.740180 1.022254 
1.336633 0.322062 0.469982 0.866218 0.510603 
1.291969 1.475396 -0.153445 1.057241 1.014703 
0.293006 1.065702 1.135536 1.563786 0.670367 
1.816598 0.681253 -1.192610 1.486247 0.616081 
0.869810 0.622344 1.829516 0.334780 0.172369 
2.309992 0.205503 0.680802 1.456583 -0.991453 
0.884738 1.669016 0.652502 1.014667 0.442856 
1.508132 0.892082 0.070256 1.537788 0.462270 
1.037838 0.289056 0.921324 0.969569 0.843998 
0.750627 0.605819 0.803623 1.119253 0.375442 
1.306474 1.285534 0.711672 0.764574 1.427936 
1.000590 0.931818 1.735367 0.748350 0.290649 
1.577361 0.508832 1.058370 0.776058 -0.344112 
0.591460 0.531743 1.019472 0.675105 1.476854 
0.943310 0.203881 0.884070 0.729137 1.257639 
1.338262 0.909145 0.626334 1.192758 0.165306 
-0.085600 1.984847 0.842009 1.627901 -0.297134 
0.462395 0.955702 0.682307 0.996461 1.735834 
0.845361 0.650755 0.030262 0.553148 0.057962 
1.384038 0.747066 0.711699 1.149104 -0.023515 
1.026245 0.890253 1.078323 0.473165 0.525950 
0.637197 0.784316 1.406537 0.555718 0.821602 
1.218969 0.979227 1.195054 0.040878 0.729533 
1.753870 1.033123 -0.179697 0.862180 0.247715 
0.626421 0.628234 1.584815 1.229681 0.275455 
0.798119 1.545315 0.767411 0.717470 0.713880 
0.931085 0.799035 1.589514 0.267968 0.695217 
1.460068 0.508111 0.778229 1.123630 0.229455 
1.178781 0.789599 0.937495 0.476956 0.827302 
0.640150 0.564475 1.281917 0.878154 0.893953 
1.070342 0.915753 1.482377 0.488128 0.120640 
1.112441 0.211668 0.816790 0.607304 0.667833 
1.301019 0.852900 0.791764 0.653531 0.734698 
1.689035 0.731597 0.999030 -0.026539 0.646045 
1.959829 0.526525 0.671985 0.925168 -0.342748 
0.940626 0.234320 1.166292 0.810879 0.605642 
0.726523 0.638628 1.515962 -0.113887 1.010840 
1.181367 1.174863 0.416502 1.240412 0.910089 
0.959684 0.256247 0.555183 0.311668 1.411413 
-0.179745 1.252510 0.623901 1.751179 -0.131781 
0.312284 0.941116 1.008137 1.127867 0.894807 
0.365059 0.745655 1.908661 -0.144550 1.035236 
0.265640 1.094721 0.954977 0.872195 0.355930 
1.579506 -0.450720 0.089402 1.284786 0.850888 
0.968334 1.078866 0.794406 0.651840 0.387132 
1.433792 0.570939 1.510958 0.857859 -0.638055 
0.713426 -0.144713 1.142405 1.149018 0.871342 
1.154259 0.853007 1.121937 0.748478 0.767210 
1.105546 1.401775 0.593099 0.462891 0.138800 
0.312725 1.991171 1.802560 1.298369 -0.927995 
0.997011 0.937522 0.655201 1.026446 1.318591 
0.770488 0.327144 1.058942 0.662195 1.258893 
0.958374 0.220678 1.202631 1.252146 0.410311 
1.313864 0.434569 0.627186 0.363334 1.600771 
0.669626 1.588753 1.101693 0.301080 0.587636 
0.679160 0.172413 0.968965 1.062054 0.963648 
-0.054775 0.393323 2.122961 1.140623 0.763507 
1.510633 1.190259 1.197591 0.469946 0.317908 
0.804256 0.823910 0.470564 0.816500 1.517374 
1.503829 0.460172 0.033916 0.855485 0.935434 
1.346862 0.611941 0.329906 1.500927 -0.359726 
1.309873 1.221227 0.283105 0.924785 -0.365573 
1.393049 0.246223 1.205109 0.730747 0.922608 
0.677551 1.171507 0.862753 1.050519 0.691117 
1.026035 0.319145 1.690572 0.600475 0.557166 
1.227237 2.488596 0.052592 -0.715936 0.289716 
-0.158641 1.985926 0.819822 -0.611999 0.940260 
0.867160 1.826434 0.976085 0.682327 0.027284 
0.307603 1.827599 0.239186 0.988059 0.797238 
0.427376 0.846238 1.330580 0.641322 1.036515 
0.897896 1.678873 0.897168 0.347026 1.125038 
0.891260 0.316483 1.389377 0.558137 0.292851 
1.026479 0.405793 1.398870 0.347483 0.936070 
1.157039 1.534324 0.734376 -0.230580 0.535570 
0.726707 0.596133 0.990725 1.187147 0.860278 
1.034335 1.175524 -0.021176 0.387650 1.576135 
0.351122 -0.014650 1.694367 0.361446 1.632926 
0.981343 1.297779 1.327341 0.513648 0.641761 
1.393404 0.169636 1.403494 0.902956 0.432342 
0.925148 1.962297 1.109633 0.361053 0.505880 
0.790465 1.171352 1.008345 0.027558 0.977375 
0.540298 1.055577 1.158783 0.582089 1.288612 
-0.145340 1.654222 0.260667 1.777151 0.069203 
0.543487 0.205874 1.235037 0.729172 1.356996 
0.979303 1.080384 1.442950 0.800118 0.019715 
0.419161 0.308936 0.453617 1.036203 1.693703 
0.706090 0.866942 1.127132 0.744194 1.435270 
0.952178 0.945086 1.025695 0.498609 1.167775 
1.217087 0.685219 1.096409 0.687040 0.816855 
1.126212 0.957889 0.964720 0.543702 1.470002 
1.229458 0.884785 0.985783 1.077967 0.163395 
1.482759 0.685413 0.244216 1.275737 -0.454812 
0.379957 1.342063 1.848483 -0.104107 0.837661 
0.691468 1.588474 0.839470 1.353400 0.592839 
0.966964 0.529202 1.065276 0.511199 1.543418 
1.314669 1.863766 -0.317181 0.362483 0.732707 
1.057263 0.592625 0.505688 0.795113 1.441761 
0.239030 2.499679 0.820256 0.428011 0.372634 
0.293635 1.767473 0.488498 1.207626 1.366922 
0.404848 1.308747 1.039687 0.437214 0.658691 
1.575891 0.361427 1.139907 0.692884 0.235000 
0.960023 0.787998 1.290687 0.811047 1.036090 
1.993942 1.048508 -1.065830 0.620082 1.087567 
1.140821 0.257079 1.445211 0.117132 0.592149 
0.957912 0.640174 0.960883 0.887911 1.422921 
0.780207 0.319955 1.077428 0.676070 1.023524 
0.309043 -0.127985 1.775231 -0.117982 1.453142 
0.691571 1.431426 0.835863 0.867778 1.538216 
1.481073 0.461157 1.063884 0.443193 0.401338 
1.270481 0.191502 0.805967 0.773196 1.301417 
0.854157 0.423827 0.816307 0.617006 1.417217 
1.240363 0.891614 1.243314 0.673762 0.994838 
0.864264 0.871847 0.300011 0.928278 0.594754 
1.051331 0.493523 1.110114 0.753629 1.161833 
1.315379 1.156860 0.528053 -0.045576 1.244395 
1.408275 1.039968 1.041288 0.536548 0.593453 
0.228130 0.124596 0.177506 2.356701 1.148204 
0.157723 1.406289 1.296663 1.035958 0.801390 
1.174705 1.007306 -0.197601 0.587934 1.448931 
1.345087 0.774294 1.039234 0.391601 1.027536 
0.719525 0.778943 0.988339 1.426378 1.054918 
0.486789 0.948006 1.219473 0.792619 0.975867 
0.444155 1.092967 0.446062 1.290954 1.365839 
0.311613 1.233362 1.368823 1.427592 0.216599 
1.055052 0.664977 0.774768 1.166199 1.235981 
1.539248 1.229695 0.709105 -0.431737 0.916135 
0.825927 0.361887 -0.285530 1.375605 1.023413 
1.064406 1.062126 0.398828 1.093698 0.045708 
1.124367 0.805432 0.967797 0.706349 1.333789 
1.079429 0.449573 0.992167 0.890403 1.198008 
1.152177 0.040264 1.191520 0.325699 0.859094 
0.982166 0.927422 0.841169 0.731888 1.150244 
0.606198 1.515050 1.106382 0.963744 1.056426 
1.460898 0.689854 1.325692 0.320563 0.801593 
0.824050 0.880898 1.134185 0.308541 0.927795 
1.243597 0.938312 0.767373 0.897310 0.568468 
0.653495 0.556296 1.122243 0.732942 0.943321 
0.082325 1.066535 0.135745 1.359504 1.950222 
0.862238 0.794948 0.431223 1.393517 0.796180 
0.265069 0.694756 1.020122 0.481882 0.897082 
1.266194 0.604467 1.255263 0.217527 1.113564 
1.076338 0.455930 0.589510 1.700700 0.455699 
0.543736 0.606477 1.432119 0.634112 0.571685 
0.770603 0.890196 1.450201 0.243264 0.886823 
0.527962 0.321580 1.284017 1.534594 0.609118 
0.699721 0.843221 0.821573 0.743763 1.340340 
1.057056 1.135762 0.527317 1.393050 0.304837 
0.835221 0.430470 1.827461 0.512638 1.069831 
1.047565 1.063930 0.533700 1.137341 0.675309 
0.978120 0.895684 1.287723 0.536404 1.035969 
1.181982 0.327716 0.715062 1.007361 0.891755 
1.277807 1.750250 0.073247 0.966732 0.112413 
0.640893 0.495026 1.463129 0.369466 1.260176 
0.046907 1.765724 1.575372 -0.588462 0.816968 
1.246240 0.454269 0.365177 1.023983 1.485611 
1.098878 1.287497 0.902770 0.566556 0.506449 
0.729738 1.030555 0.867374 1.343118 0.456010 
1.032414 0.835515 0.150454 1.297152 1.163566 
0.696695 0.733090 1.266131 0.607753 0.546923 
1.319889 0.236250 0.948545 0.300747 1.173527 
1.386752 0.462365 0.889471 0.432095 1.017746 
0.457879 1.773632 0.690125 0.967607 1.399747 
0.759947 -0.296345 1.918293 0.337646 0.584731 
1.053687 0.148986 0.734127 1.703156 -0.063100 
0.704045 0.623310 1.153719 0.362362 0.967883 
1.170843 0.878358 0.763032 0.799798 0.471847 
0.723813 0.680701 1.007582 0.627178 0.871342 
0.870881 1.848573 0.923787 1.004737 0.581332 
0.259592 1.634320 0.407698 0.599055 1.553457 
1.105624 1.194923 0.281133 1.211367 1.218062 
1.003784 0.940989 0.632317 1.706853 -0.149739 
0.659583 0.550266 1.074411 0.716013 1.144494 
0.762704 1.962974 -0.057374 -0.112142 1.618948 
1.785961 0.255006 0.530693 0.192970 1.138202 
1.290070 1.031363 1.073595 1.171866 -0.008935 
0.315379 0.521278 1.487599 0.238258 1.521235 
0.741492 0.547120 1.399334 0.558095 1.325800 
1.350655 1.479278 0.446275 1.387219 -0.770766 
1.485696 0.254463 0.461693 2.179781 0.883990 
0.919049 0.524559 1.275295 -0.095434 1.236544 
0.764669 0.611923 1.469168 0.682791 1.119698 
0.901793 0.389194 1.349321 0.716076 0.916180 
1.024608 0.731976 1.270832 0.579690 0.791566 
1.333653 0.296130 0.203780 1.519646 0.403774 
1.792203 0.447559 -0.322614 0.724437 1.311957 
0.744964 1.629566 0.194916 1.278476 0.948155 
0.367557 1.338698 0.905500 -0.112117 1.491389 
1.125727 0.509723 1.342112 0.333326 1.024894 
1.178667 1.841009 0.479372 1.115678 0.170614 
2.076364 0.292564 0.000565 0.057201 1.065647 
1.851830 0.522793 1.218521 0.302270 0.359366 
0.170085 0.870732 1.506466 0.430847 0.968117 
0.793695 1.252900 1.184079 1.219454 0.867837 
1.083958 0.205719 0.449005 1.451175 1.207347 
1.039838 1.325967 0.797545 1.471079 0.704292 
-0.223887 1.333067 1.772381 0.029797 0.726304 
1.236330 0.915973 0.790343 0.799410 1.045654 
0.824499 0.665309 1.444212 0.311331 0.983418 
1.269013 0.308048 1.657689 0.031552 0.642341 
1.212006 1.593293 0.581381 -0.238691 1.419054 
0.593207 -0.135738 1.075075 1.654446 0.522362 
1.029426 1.512719 0.064950 0.334764 1.547192 
1.115922 1.002468 0.964526 0.016871 1.187283 
0.847729 1.754418 0.533233 0.452394 1.470774 
0.660741 1.091346 1.084881 1.120792 1.310594 
0.169527 0.901885 1.324045 1.345043 0.710050 
0.686401 1.461305 0.865002 1.153049 0.819496 
1.011268 0.877783 1.080010 0.482730 0.515669 
1.754242 0.864645 -0.209778 0.962401 0.636169 
1.040926 1.616802 0.094206 0.804028 1.506987 
0.309696 1.229288 1.018051 1.547728 0.468103 
1.824619 0.592176 -0.203014 0.943475 0.639099 
1.534725 0.633852 0.660273 0.901102 0.473999 
0.718613 0.719965 0.956634 0.793510 1.027027 
1.120203 0.886799 1.110275 0.934406 0.672057 
0.950181 0.943432 1.085805 0.598030 0.645468 
1.109790 0.672786 1.365341 0.672055 0.712335 
0.727757 0.662022 1.193929 0.441147 0.516129 
0.784443 0.531610 1.725109 0.535699 0.711617 
0.554101 0.643803 0.159868 0.712921 1.802355 
1.181939 0.459930 1.444179 0.209051 0.861981 
0.848077 1.465909 1.152161 0.899014 0.716316 
0.072966 -0.138612 1.659239 0.422380 1.283692 
0.869130 0.934995 0.338778 1.006347 1.206746 
0.546771 -0.356004 1.078169 0.969182 1.539282 
1.048484 2.079746 0.081361 0.625048 0.844213 
0.900909 0.353324 1.425929 0.619070 0.912964 
1.507127 0.780740 1.208564 1.177186 -0.212515 
0.986351 0.606340 1.249589 0.282732 0.960094 
1.282617 0.529151 1.413613 0.513013 0.659519 
0.686615 1.285513 0.364255 1.385922 0.333362 
1.084565 0.861093 0.932325 0.922217 1.066978 
1.173440 0.790074 0.863358 0.805238 0.938347 
0.741182 1.548371 0.057675 1.112741 0.397809 
1.459184 -0.023965 1.215881 0.555218 0.857210 
1.376463 0.819863 0.964557 0.611568 0.137276 
0.337362 1.165192 0.722158 0.939064 0.582548 
0.958235 0.560517 0.991524 1.184373 0.995681 
0.778893 1.405326 0.850552 0.190915 0.328499 
1.501904 0.844747 1.089503 0.425070 0.568388 
0.598003 1.676771 1.100627 1.170682 0.126187 
0.787703 0.895155 0.555559 1.704758 -0.133768 
2.099389 0.745017 -0.033484 -0.301055 -0.072239 
0.940704 0.523312 0.611005 0.816462 1.213760 
0.853063 0.689629 0.873541 0.792015 0.917944 
0.462496 0.349803 1.251187 1.511797 1.205528 
0.889986 0.027070 1.295195 0.580109 0.933989 
1.112491 0.768499 0.642567 0.638180 0.531915 
0.703465 0.875836 1.270445 1.022150 0.370647 
1.193245 0.772249 0.303522 0.933546 1.089301 
1.086367 0.869650 1.557279 0.435136 0.421006 
1.168196 0.137487 1.516553 0.991408 1.175212 
0.867653 1.087006 0.712364 1.011440 1.226288 
1.469384 1.103408 0.887736 0.773774 0.499365 
0.988403 0.730237 0.682879 1.051419 0.659946 
0.192390 1.387960 -0.058118 1.126553 0.699036 
1.143164 0.760504 1.706909 0.629574 -0.109874 
0.770643 0.759382 1.151008 0.283416 1.367173 
1.147954 0.322371 0.119741 1.319206 1.143921 
1.006842 0.750086 1.111340 0.309289 1.145621 
0.928423 0.970870 1.413164 0.505526 0.665275 
0.014088 2.053436 0.876486 0.164838 0.912553 
0.362159 0.281575 0.566522 0.884803 1.518113 
0.937453 0.311361 1.355933 0.440290 0.657529 
-0.147487 1.888658 0.917505 1.544234 1.053166 
1.220875 0.980431 0.581256 1.233235 0.972556 
1.023881 0.453751 0.907396 0.754676 0.942779 
1.230321 0.960935 1.379096 0.236625 0.193224 
0.903610 1.180741 0.476708 1.018572 0.501466 
1.879492 1.331235 0.416702 -0.011793 0.862992 
0.505176 0.494794 1.552188 0.652508 1.006466 
1.886705 1.785473 -0.389798 0.521783 0.068767 
0.439848 0.800535 0.908122 1.064367 1.082921 
0.902302 1.525107 0.167735 0.710039 1.245542 
0.812944 0.881841 1.817251 0.243735 0.194720 
1.652532 1.107490 0.109244 1.148339 0.454614 
1.029895 0.787732 1.288342 0.555485 0.791256 
0.247728 0.923446 1.627973 1.399043 0.661999 
0.831817 1.174100 0.590570 0.897704 0.651203 
0.799961 0.372099 0.553642 0.785760 1.300839 
0.837747 2.105865 1.139254 0.453765 0.159837 
1.350979 0.587782 0.956406 0.563668 0.994494 
0.918400 0.474037 0.670316 -0.279365 0.690116 
1.197799 0.316484 0.630993 0.823899 0.661152 
0.909071 0.460051 0.719625 1.107088 1.144343 
0.774582 -0.734814 2.098935 0.360331 1.047205 
0.671441 0.244613 1.343183 0.438587 1.506535 
1.086717 1.148672 0.885492 0.975756 0.620639 
1.595496 0.618482 -0.674695 1.850596 0.534805 
1.151120 0.437780 0.826443 0.970327 0.382040 
0.938035 0.534939 0.606526 0.642121 1.400851 
1.000264 1.073144 0.296307 0.865764 0.065374 
1.104469 0.732471 0.775413 0.831453 0.642368 
0.570909 0.573486 1.018435 0.767693 1.202918 
1.187373 0.791706 1.104431 0.986181 0.905827 
0.830753 0.234000 1.298879 0.539196 1.114356 
0.889527 1.196175 0.209360 1.401585 0.151123 
0.697424 0.699356 1.321237 0.065258 0.962700 
1.059991 0.476523 1.241390 0.090662 0.815112 
2.245623 1.332703 0.165417 0.705610 -0.220406 
0.946609 0.874073 1.052397 0.231196 0.567221 
0.722269 0.889101 1.259261 1.265204 0.767575 
0.349189 0.975868 1.070915 0.731738 0.735800 
1.192954 0.902481 -0.110357 0.276504 1.566267 
0.829089 0.103300 1.090472 0.937474 1.106733 
1.290616 0.530833 1.195707 0.584585 0.838452 
0.716275 1.024584 1.545242 0.557530 0.843248 
1.137868 1.051915 0.540486 0.429256 1.148522 
0.835016 2.950128 -0.704485 0.313432 0.388827 
0.422250 1.525068 0.483019 1.622393 1.384886 
1.178967 0.961720 1.140199 0.796961 0.475469 
1.315872 0.722706 0.849689 0.676872 1.000275 
0.258816 1.160380 0.442137 0.555108 1.714438 
1.324666 0.501846 0.808492 0.889686 0.763571 
0.776186 1.530739 0.947969 1.372895 1.023673 
1.537507 0.537888 1.300538 -0.183195 0.701212 
1.073141 0.276134 0.997094 0.950886 0.667499 
0.666412 0.076745 1.450801 0.981023 0.473924 
0.490330 0.859550 1.194153 1.454776 0.494082 
0.906181 1.360488 0.254882 0.924362 0.631000 
0.318181 1.184169 1.155437 1.325624 -0.469387 
1.350362 0.703422 0.765269 1.401757 0.174409 
0.059144 -0.272758 1.853579 1.527606 0.821995 
1.168866 0.176243 1.331353 0.632517 0.752212 
1.255631 0.306362 0.629624 1.570402 0.520175 
1.072310 0.657558 0.398699 1.394804 0.084241 
1.536332 1.507612 -0.054902 0.633167 1.211148 
0.052422 -0.128164 0.541822 0.930593 1.819031 
0.804162 0.786487 1.213505 0.913866 0.646514 
1.303979 0.353073 0.520299 0.214357 1.130834 
1.469521 0.658321 0.372138 1.165686 0.616905 
1.595213 0.979272 0.119638 0.627236 0.946055 
0.847796 0.867468 0.394074 1.631014 1.188644 
-0.086887 0.952866 0.740448 0.746630 1.669060 
0.618732 0.881407 0.446513 1.081244 1.043839 
0.604364 0.034107 0.981430 0.524553 1.255402 
0.804041 1.260418 1.110547 0.232393 0.985502 
0.341443 0.653141 0.830618 0.900364 1.469170 
0.666542 0.629225 0.665604 1.048092 1.613203 
0.605447 0.896425 -0.825191 1.572808 1.056987 
0.851067 1.053003 1.223211 0.565978 0.884513 
0.853019 1.306487 0.544000 1.012378 0.826978 
0.866096 1.434999 0.553547 0.837293 -0.027803 
1.731090 0.509794 0.512519 1.011793 0.429839 
1.144936 2.393136 -0.204685 0.987856 0.885198 
0.826387 0.226589 1.896453 0.475194 0.693745 
0.917685 -0.190725 0.803379 1.026990 1.018389 
1.579160 0.954652 -0.159279 1.015462 0.210921 
0.997320 0.513961 1.597549 1.309467 0.949263 
1.244148 0.762713 0.881459 0.485070 1.213205 
1.116953 1.557832 0.576947 1.402984 0.000214 
0.977654 0.930632 0.791864 0.957951 0.753885 
0.209834 0.837389 0.464976 1.361116 0.977163 
0.522934 1.895967 0.900700 0.505519 0.976391 
-0.021074 0.228083 0.700281 1.406253 2.269921 
1.175535 1.191889 0.659834 1.248597 0.405935 
0.265327 1.435076 1.727055 0.370283 1.402862 
1.174848 1.596399 1.143786 -0.320654 0.425868 
0.539872 0.506638 0.500411 1.107105 1.068194 
0.932463 -0.019092 0.964501 0.759974 1.442753 
0.833560 1.649323 0.999696 1.155940 0.545716 
0.908375 1.213119 0.410774 0.108028 1.547259 
0.870496 0.664252 1.064287 1.024891 0.578432 
1.101456 0.445869 1.618443 0.163177 0.780659 
1.117368 0.195630 0.865712 0.619426 1.117322 
1.044282 0.230619 0.557675 1.642800 0.653134 
0.943814 0.818084 0.489852 1.530776 0.793576 
0.558544 1.535873 1.130639 0.694607 0.676069 
0.951673 1.038975 1.873355 1.121234 -0.084939 
1.566869 1.223806 0.461309 0.966634 0.806091 
1.298218 1.059601 0.717788 0.736158 0.039006 
0.432332 1.150643 0.530551 2.038983 0.955671 
0.644326 1.258296 1.050401 0.675767 0.880608 
1.036021 0.747746 0.946219 1.536433 -0.022449 
0.865520 0.195652 1.144646 0.108311 0.895605 
1.723981 0.044930 0.801725 0.420123 0.447429 
0.635075 1.282476 1.248616 0.732559 0.486088 
0.720340 0.935780 1.043485 0.871555 1.057916 
1.178682 0.935633 1.029643 0.937408 0.148350 
1.004682 0.500344 0.999797 0.527765 1.015363 
0.832929 0.810039 0.939648 0.760202 0.805272 
1.263883 0.299958 1.089829 0.693617 0.467083 
0.526543 1.021933 0.500253 1.593789 0.563267 
0.319781 0.312364 -0.044333 2.069434 1.943018 
1.262510 0.309823 0.862807 1.014987 1.032943 
1.531920 0.041638 -0.169202 1.923191 0.938616 
1.280555 0.579072 0.683717 1.301282 0.565777 
1.512540 0.399108 -0.145948 1.191223 1.686537 
1.764777 0.766815 -0.443677 0.741568 1.523817 
0.589199 1.166863 0.687844 0.796955 0.738790 
0.854575 0.758923 1.036947 0.864276 0.952301 
1.286454 0.899938 0.550722 0.879802 0.414715 
0.293183 1.718842 1.121157 0.879868 0.880954 
1.146756 0.522127 1.308261 0.268924 1.166851 
0.550955 1.406106 1.108958 0.484084 1.007717 
0.900938 0.851176 0.717661 0.404231 1.839881 
0.655356 0.523908 0.438977 1.501183 0.992687 
0.704905 0.775222 0.861728 0.640753 1.131634 
0.527061 0.119634 1.242224 0.433565 1.149222 
2.195144 0.937520 0.731020 -0.146660 -0.674582 
1.307144 1.023946 0.817094 0.691585 1.115764 
1.088317 1.263898 0.327715 0.683067 0.539523 
0.846591 1.268070 0.460905 1.700298 1.260445 
0.769984 0.599298 1.058126 0.316369 1.384377 
0.273145 -0.063903 1.383741 0.765165 1.486936 
1.039654 -0.304193 2.251595 -0.698322 -0.021779 
1.538951 0.548348 1.611030 0.479705 0.191534 
0.065295 0.617963 0.919625 0.171591 1.585416 
0.278033 0.682072 1.174044 0.893619 0.661825 
1.119649 0.691816 1.531667 -0.123526 0.471921 
0.606908 0.967489 0.759947 0.762480 1.192175 
0.477845 1.307653 1.398076 0.894099 0.112089 
1.608849 -0.714346 0.276786 1.370889 0.224552 
1.345339 0.652959 0.676030 1.254109 0.157425 
0.625942 1.474050 0.752339 1.274952 0.465405 
1.383280 0.955595 -0.420863 0.950257 0.027112 
0.998180 0.831175 1.178509 0.826389 0.060069 
0.149028 1.840352 0.824749 0.374226 1.441983 
0.697139 -0.980438 1.162120 1.040619 1.690725 
0.726790 0.330663 1.439145 0.881524 1.060991 
0.613139 0.673194 1.374639 0.562534 1.448853 
0.703485 0.864179 0.312082 1.499181 0.522767 
1.113431 1.191955 0.579617 0.429415 1.151966 
0.770607 1.299190 -0.186440 0.807166 1.083674 
0.896719 0.770604 0.608406 0.878846 0.827847 
0.222513 2.072196 0.846976 0.750874 0.653894 
1.957120 0.958926 -1.198779 1.344857 0.542001 
1.002261 0.528863 1.708981 -0.368913 0.845287 
0.665320 1.202437 1.170578 0.079062 1.069839 
1.343735 0.192838 1.331721 0.437956 1.268616 
1.272369 1.241097 0.666637 0.418708 0.421948 
0.533748 0.795890 0.989210 0.777547 0.875848 
0.914649 0.421834 1.168615 0.484854 1.433672 
1.377077 1.484079 0.169098 0.709871 0.356854 
0.552160 0.993126 1.106370 1.408917 0.593735 
0.695310 1.084715 1.076814 1.172623 0.674549 
0.683224 1.903971 0.271333 1.484874 0.167892 
1.240024 0.846096 0.905848 0.578094 1.047980 
0.119232 -0.035216 1.765753 1.102562 0.905826 
0.826801 1.318405 0.953635 1.152574 0.547969 
0.188861 1.373674 0.764651 1.437445 0.828276 
0.101240 1.596090 0.746234 0.594602 1.099562 
1.285797 0.596396 1.093650 0.357743 0.945002 
1.074251 1.115188 0.485713 1.005877 1.027433 
0.759335 0.253206 1.169902 0.583160 1.176919 
0.821256 1.598609 0.992323 -0.654678 1.174856 
1.307961 1.130480 1.119015 -0.241431 0.218618 
1.763678 0.303201 1.164027 0.141230 0.114885 
0.639180 1.756800 1.166727 0.505375 0.533725 
0.798828 1.174909 0.835509 0.966744 0.185012 
0.758240 0.613493 1.440195 1.255440 0.540106 
0.404007 0.849122 0.767728 1.122206 0.939286 
1.252429 0.023582 1.686382 0.476167 0.551212 
1.268523 1.249004 0.795094 0.264811 0.948516 
1.454084 -0.765935 0.038283 0.084018 1.653077 
1.664748 0.500667 0.533701 0.434181 0.362679 
2.015835 0.768194 -0.125223 0.739846 0.207688 
0.519770 1.647106 0.340965 1.603234 0.510960 
1.058590 0.736009 0.509615 1.067050 1.237137 
0.986579 0.439973 0.836297 0.953515 1.036107 
1.094103 0.673527 1.356598 0.942318 -0.242069 
1.002001 0.825683 1.010513 0.748714 0.952263 
0.680998 0.843185 0.618138 0.762847 1.116786 
1.340836 -0.118465 1.432470 0.200833 0.978042 
0.566156 0.379319 1.022825 1.120060 0.992319 
0.818355 1.933375 -0.374271 1.184213 1.932392 
1.309105 0.748020 1.039127 1.014905 0.536650 
0.754024 1.664186 -0.270292 0.758271 0.942406 
0.622323 0.527089 1.497302 1.072312 0.572815 
1.176361 0.525645 1.193469 1.041747 -0.004880 
1.194260 0.925513 0.045262 0.853380 0.520858 
1.326401 0.956836 0.283340 0.505439 1.226662 
0.561167 0.959970 1.236325 0.723532 0.814158 
0.628941 1.395427 -0.128575 1.760543 1.628444 
1.775696 0.764709 0.598834 0.117395 -0.215653 
1.003166 0.545711 0.069461 1.395465 0.686935 
0.657648 0.453215 1.522185 0.289293 0.053984 
0.991481 0.888076 0.948777 1.179294 1.114186 
0.326208 0.645373 1.281824 0.369293 1.661404 
-0.021354 1.856825 0.771819 1.799548 0.120831 
0.928394 0.580828 0.900709 0.762053 1.190677 
1.033883 1.686148 -0.161081 0.906362 1.152673 
0.869820 0.215700 1.376508 0.383587 1.241401 
0.956985 0.607125 0.538788 1.093830 0.560948 
0.851433 1.087944 0.732166 1.064047 0.742564 
0.900464 0.610409 0.748659 1.783826 -0.023507 
1.481460 0.970422 0.022265 0.879128 0.934397 
0.575607 0.644000 0.918541 0.993521 0.721566 
1.211640 0.084168 0.999176 0.587036 1.077376 
0.716812 0.688405 0.886439 1.107532 0.666030 
1.119937 -0.017395 0.107396 1.292536 0.540764 
1.223359 0.703017 0.890140 1.373950 -0.098749 
0.661710 0.624346 0.639334 0.560818 1.025217 
0.255545 0.364082 0.646075 0.167005 1.489793 
0.749986 1.583644 1.398801 -0.378293 0.523331 
1.131510 0.706891 0.724841 0.610902 0.971349 
1.237044 0.855909 0.922455 0.322782 0.807057 
0.311604 0.339278 1.046751 1.106261 0.464825 
1.214964 0.568259 1.027175 0.932649 0.494720 
0.640897 0.885845 0.756105 0.863006 1.401822 
1.260823 0.819031 0.228531 0.788976 1.129987 
1.051052 0.106062 1.233099 0.694862 0.902321 
0.426267 1.233944 0.750981 0.766807 1.139774 
0.676977 0.700387 1.033769 0.490859 1.266553 
0.956451 0.520297 1.620452 0.194761 0.575804 
0.156377 1.074826 0.724200 1.307500 1.120282 
1.180450 -0.044993 1.638043 0.442397 0.175279 
1.159618 0.700064 0.963402 0.964339 0.150924 
0.898208 1.630641 0.677227 0.918746 0.272310 
0.339272 1.349603 0.545245 0.396550 1.882795 
1.403101 0.973866 0.647654 0.213600 1.135265 
1.591376 1.091980 -0.273592 0.495259 1.130180 
0.612760 -0.112037 1.914322 -0.173460 1.406660 
1.415917 1.022389 0.797308 0.963056 0.021152 
-0.222364 1.283923 -0.273690 1.936455 1.541282 
1.555233 0.144804 -0.126688 0.797397 1.441485 
0.845329 0.532147 0.708475 0.879264 1.271098 
0.490712 0.968036 1.182124 0.886810 1.126758 
0.750585 1.888512 1.054028 -0.862071 0.604861 
0.853817 0.785654 0.513972 0.884790 0.923802 
0.944158 0.162095 1.116895 0.845955 0.940000 
1.028301 0.989359 0.827672 1.026298 0.029677 
0.268054 -0.031220 0.764345 0.776248 0.753440 
0.540788 0.924535 1.545845 0.512593 1.497436 
1.269106 0.744254 0.552913 0.891356 1.170320 
1.254757 1.931714 0.002955 1.171773 1.413214 
0.097489 1.213620 0.325795 2.115157 0.568862 
1.600903 0.914094 -0.017186 0.373529 0.686446 
0.875654 0.757121 0.968207 0.997775 1.323306 
0.411046 1.136104 0.609417 1.068691 0.947637 
0.958224 1.137686 0.401807 0.013372 1.020013 
1.104951 0.856890 0.899271 1.039891 0.688141 
-0.366964 0.830837 0.924840 0.314635 2.135051 
0.583850 1.294100 1.552284 0.510821 0.532575 
0.757256 1.460194 1.069172 0.155907 1.562569 
-0.008545 1.062875 0.680066 1.452459 0.219595 
0.203784 1.381068 0.729177 0.501153 1.112365 
0.922423 0.583385 0.960665 1.044847 0.145888 
1.002983 0.776456 1.534162 0.857988 0.520745 
1.531296 -0.518318 0.716258 1.775704 -0.417764 
2.095973 0.445814 0.303350 0.913327 0.196764 
1.295251 0.420404 1.060620 0.329429 0.714476 
0.101347 2.350838 0.104304 1.313649 0.452566 
1.429811 1.440693 0.460720 0.387746 0.141769 
-0.003221 1.464423 1.028326 0.321323 1.324187 
1.817431 1.094247 0.322825 0.674760 0.040734 
1.345855 0.890490 -0.100641 0.795248 1.073118 
0.938955 0.458514 1.063124 0.513170 1.050504 
0.385587 1.158272 1.967805 0.403402 0.579667 
0.481291 2.101392 0.247542 1.572437 -0.316792 
0.827935 0.635055 1.056575 0.423939 0.611052 
0.002573 1.043473 -0.052837 2.225714 0.786398 
1.398232 0.362490 0.647160 0.741023 0.906536 
1.133111 1.174559 1.317208 0.337695 0.345375 
0.827674 1.387716 1.603137 0.719545 0.362593 
0.870721 1.640389 0.269158 1.427077 -0.052212 
1.496691 0.807796 0.848384 -0.040158 0.069384 
0.606964 0.931952 0.879256 0.635604 1.415415 
0.905969 1.092860 0.687842 1.266649 0.444535 
0.868252 1.343322 0.754291 0.743812 0.906095 
0.654806 0.567295 0.369282 1.288283 0.827080 
1.523032 0.039243 0.165074 1.499141 -0.000422 
0.124526 1.647052 0.817589 0.859153 1.326836 
1.670563 0.924805 1.123829 0.947281 -1.391058 
0.846864 0.641391 0.672169 1.153077 0.537371 
1.094894 0.963830 0.720129 0.890554 0.843898 
0.773744 0.134381 0.187415 2.114652 0.128445 
1.288054 0.162247 1.316028 0.897920 0.284711 
1.022505 1.355436 1.555465 -0.309204 -0.414002 
2.009049 1.728744 0.052987 0.054464 0.630530 
0.997122 0.488048 1.525942 -0.048965 0.639492 
1.227420 1.098981 1.171523 0.445527 -0.714208 
1.068933 0.985243 0.846340 0.307277 0.735866 
0.633965 -0.107092 1.295537 0.569391 1.445626 
0.597705 0.048859 1.218854 0.554215 1.413378 
1.019762 0.431157 0.788129 1.282204 0.554885 
0.842316 2.094064 -0.835488 0.816944 1.259267 
1.045280 1.322115 1.195678 0.070596 0.567506 
1.225356 0.484448 1.303070 0.433009 0.531392 
1.386961 0.804570 1.586912 -0.491191 0.843662 
0.167477 0.542798 1.302982 1.309614 1.234193 
0.762126 0.636044 1.013239 0.748451 0.982703 
0.041655 0.560501 0.759707 1.619223 0.602275 
0.977765 0.793536 0.265752 1.243723 0.668445 
1.444424 0.379059 1.166315 0.322559 1.121489 
0.790527 0.610165 0.477447 1.251615 1.068946 
1.223759 0.691102 0.705248 1.356228 0.274839 
1.184650 1.520577 0.501660 0.133631 0.807399 
0.761476 0.840232 1.258262 0.854998 0.419507 
-0.058755 1.397857 0.106925 0.619075 1.650337 
0.662484 1.168968 2.263110 0.497415 -0.812764 
1.046208 0.795331 0.949974 0.920248 0.506278 
1.692800 0.951986 0.346982 0.954848 0.116060 
0.406470 0.899684 1.083670 1.145338 0.443819 
0.808371 0.651403 0.643782 1.037497 0.950123 
0.572415 0.542015 1.174257 1.336793 1.142597 
0.366078 1.768013 0.616775 1.731292 -0.202090 
0.494374 1.988082 0.230281 0.253854 0.779319 
0.992365 0.522296 0.102475 2.142989 -0.359048 
1.638789 -1.026441 1.600718 0.389985 1.101414 
0.585928 0.748228 1.018429 0.767998 1.318562 
1.120288 1.061107 0.755914 1.035863 0.321667 
0.304229 0.733489 1.630135 -0.528052 1.871132 
0.710887 0.719572 0.805872 0.583365 1.071396 
0.680782 1.121330 1.021857 1.063293 1.120803 
1.535699 0.732793 0.957873 0.375803 0.270287 
0.825020 1.512643 1.120726 0.285946 0.401837 
0.774586 1.395032 1.144034 0.778206 1.219153 
-0.490959 2.322264 1.572660 1.469752 -0.894207 
1.331884 0.769250 0.783065 1.253216 0.820498 
0.465223 0.091003 1.746298 0.669725 0.782426 
0.708945 -0.188312 0.577244 0.711052 0.698136 
1.094793 0.848863 0.838744 0.445806 1.146523 
0.804919 0.470194 0.635469 1.175738 1.133605 
-0.066431 1.814129 0.120687 1.699363 1.788057 
0.791989 -0.187110 0.040426 1.150925 1.728191 
0.500159 1.502974 0.609468 1.501457 0.294354 
2.091278 0.679500 0.210678 0.671101 -0.263397 
1.147356 -0.697948 1.199129 1.372896 0.748152 
0.823716 1.332734 0.360142 0.870531 0.276497 
0.505804 0.808237 0.777733 1.265211 1.491822 
1.133268 1.042926 0.407699 1.023348 1.014756 
0.719845 1.054781 0.479704 1.204725 0.800315 
1.286216 0.806343 0.946566 0.809064 0.369734 
1.341215 1.086565 0.545222 1.164148 -0.043909 
1.161635 0.854255 0.777438 0.726935 0.460094 
0.650781 0.076510 0.307890 1.231720 1.840449 
0.925478 0.771914 0.476586 0.677140 1.053195 
1.191345 0.827667 1.086007 1.253046 0.271016 
0.285516 0.703609 1.086140 1.311033 0.811541 
0.877272 0.714064 0.886732 1.037747 0.919737 
0.659570 0.269812 1.392200 0.864882 1.455963 
0.370835 0.533390 1.063050 1.096819 0.853763 
1.065147 1.034015 0.533766 1.538521 0.007038 
1.342938 0.117721 0.969205 1.203765 0.000885 
0.429899 1.333399 0.426601 1.629752 0.061325 
1.188562 0.556521 1.184462 0.595694 0.742548 
0.663238 1.083463 0.900842 1.164483 0.787552 
1.428062 1.589240 0.467636 0.824171 0.791488 
0.809217 1.036848 0.082229 1.722145 0.750785 
1.307863 -0.069812 1.513318 0.287622 1.578691 
0.774816 0.869519 0.649921 1.497173 0.754314 
0.214900 0.449471 1.085127 0.962781 1.520463 
0.808758 0.785825 1.092289 0.746653 0.876964 
0.815153 1.619521 0.526919 1.203439 0.552837 
1.249485 0.620170 1.778301 1.005349 0.695258 
0.748269 0.367655 0.969807 1.036589 1.390966 
0.994208 1.337094 1.108883 1.418453 0.929814 
0.760380 1.977981 -0.021305 0.826834 1.564065 
0.936371 1.061241 -0.568948 1.969203 0.389889 
1.646044 0.488934 0.241439 0.856097 0.815250 
0.697314 1.180402 0.538917 0.602529 0.812171 
1.170416 0.619734 1.230195 1.128043 -0.113623 
0.747940 1.768582 0.527275 0.947835 0.701923 
0.892038 0.906712 0.149504 0.739980 1.471362 
1.652762 0.343125 0.559759 0.418759 1.268605 
1.128076 0.620721 0.989064 0.830374 1.245742 
1.420256 0.161657 0.740499 0.079092 1.440923 
1.309963 1.274014 1.458159 0.507610 0.058860 
0.508014 1.023479 0.748049 0.649888 0.887090 
1.219761 0.691260 1.227927 0.345315 1.101836 
0.086945 0.813292 0.476951 0.879898 1.294119 
1.129908 0.961253 -0.159859 1.877438 0.496763 
0.702477 1.159013 0.438942 1.248315 1.160283 
0.358381 1.115736 0.792610 0.706836 0.995693 
0.051736 0.834346 0.770032 0.637907 1.175669 
1.217776 0.353314 1.048201 0.351624 1.060692 
1.459123 0.451378 1.052301 1.058995 -0.206533 
1.545152 0.682999 0.505364 0.560684 0.677826 
0.743048 0.938989 0.312958 0.963484 0.676063 
0.707142 -0.330443 0.584218 0.487958 1.760664 
1.302917 0.661437 0.576849 1.126660 0.913113 
0.754433 1.409850 1.107597 0.434007 1.022630 
1.624578 -0.377224 0.992557 0.911643 0.667713 
0.447909 1.309228 1.950016 0.295941 -0.525711 
0.698377 1.173656 1.214676 0.894379 0.684490 
0.649047 0.767995 1.325019 0.829206 0.553445 
0.834891 0.742433 1.325828 0.567321 0.988781 
1.094417 1.469649 0.478731 1.061038 0.463052 
0.127904 0.134916 0.914922 1.261590 2.097184 
0.279454 0.419672 0.189837 1.402267 1.090329 
0.741803 0.805862 1.205356 0.960560 0.316032 
0.758962 1.387517 0.214912 0.458868 0.843673 
1.050395 0.791005 0.951621 0.702050 1.072336 
0.379407 0.792790 1.016941 1.403559 0.085790 
0.331771 1.199562 1.508795 1.508418 0.453357 
0.533849 1.872242 0.721533 1.562629 1.198887 
0.960965 1.546648 0.744915 1.970568 -0.973047 
1.167204 0.427437 0.574992 1.117501 1.287852 
0.522195 0.816654 0.791220 1.582755 0.670063 
0.823586 0.461198 0.520733 1.630071 0.384652 
0.779244 0.247064 1.115083 0.550064 1.074267 
0.648758 0.523971 0.590936 1.017221 0.979877 
1.518739 0.280896 0.570303 0.937692 1.025339 
0.687421 0.841826 1.599385 0.616825 0.457798 
1.060740 0.996409 0.767015 0.079569 1.010260 
0.317431 1.259465 0.706753 1.200866 1.347723 
0.936922 0.842749 0.753744 0.346588 1.042579 
0.503244 1.443715 1.663352 0.966726 -0.280443 
0.709236 1.332008 0.687869 1.218444 1.328907 
1.840259 0.756468 0.562677 0.378472 0.682063 
1.050480 0.841389 0.682651 1.030808 1.054281 
-0.773286 0.467422 1.632883 0.772178 0.895816 
0.993084 -0.374557 1.151767 -0.019733 0.810697 
0.408565 0.848021 1.327870 1.151875 1.158855 
0.388700 -0.264808 1.275981 0.819756 1.317495 
0.613310 -0.457534 1.303172 1.091870 1.360103 
0.854737 0.440874 0.999539 0.738294 0.955327 
1.009224 0.724268 0.012332 1.268220 1.110651 
1.410635 1.156615 -0.668008 1.431477 -0.056432 
1.285322 0.976304 0.164499 1.382175 -0.451718 
0.938734 0.496720 1.254224 0.683809 0.824179 
0.705364 0.567546 1.079358 0.811074 1.415520 
1.004302 0.948405 1.177524 0.493350 0.892660 
0.651766 0.863334 1.189397 1.177864 0.649176 
1.196729 0.221760 1.520866 0.049189 0.203276 
1.214112 1.441173 0.559009 0.093115 0.998732 
1.118026 0.531283 0.709780 1.012423 1.140860 
1.324956 0.387726 0.473730 1.265879 0.467119 
1.477506 0.823713 0.875968 1.004079 0.393611 
0.417924 0.812089 0.879398 0.980778 1.514890 
0.484735 0.562055 1.490727 0.228088 1.107649 
1.205407 0.994135 0.598769 0.735214 0.134711 
1.170145 0.149029 0.866567 1.114045 0.692869 
0.081968 1.268702 0.349994 2.296136 0.996651 
0.962625 1.368083 1.038968 0.803310 0.911013 
0.760732 0.722614 0.735036 0.988013 0.911694 
1.409587 -0.182227 1.408561 0.251147 0.936418 
1.173935 1.834083 0.667017 0.275001 0.787692 
1.258705 0.507621 0.814205 1.005813 1.028534 
1.113818 0.841864 0.584615 1.004275 0.815654 
0.794393 0.872812 0.964405 0.588521 1.115877 
1.037436 1.207449 1.510039 0.314636 0.677139 
1.304331 0.133914 0.974174 0.901928 0.252456 
1.250181 1.331047 0.181458 0.764709 1.150145 
0.241131 0.492026 1.145066 1.389227 1.190949 
0.993818 1.083325 1.045559 0.615107 0.262211 
1.290570 0.227964 0.558970 0.275696 0.520455 
1.302165 1.018506 0.642436 1.758138 -0.759610 
1.610914 0.488808 0.772316 0.597358 0.132376 
1.166033 0.568413 0.771794 0.367377 1.412918 
0.402297 2.090403 0.771095 0.650886 0.163891 
1.127850 0.938063 0.710730 0.190198 1.081802 
1.406794 1.081123 0.773699 0.037813 1.175681 
0.821945 2.008024 0.462226 1.226024 0.844032 
0.735692 1.122915 0.955953 0.560799 0.595439 
0.487942 1.179738 0.919281 1.180428 1.528429 
1.481271 0.275281 0.864274 0.470379 0.466191 
0.441634 0.444916 1.478996 1.305981 0.386338 
1.181245 0.841824 1.689597 -0.134735 -0.120597 
1.278325 0.216452 1.155427 0.358643 0.608627 
0.190111 1.092716 0.908616 1.230481 0.391197 
1.369388 0.571456 1.000869 0.196516 0.485593 
0.713124 0.660636 1.101975 0.417513 1.200991 
0.871192 1.427526 1.508410 -0.499717 0.892297 
-0.268361 1.013402 1.422724 0.531954 0.883439 
1.010069 1.195768 0.518702 0.478204 1.060129 
1.147166 0.204202 0.595755 0.838378 1.093923 
0.912358 1.154504 0.203904 1.500770 -0.311133 
0.403854 0.790512 1.160820 1.644075 0.130151 
1.057765 1.098156 0.588733 0.851382 1.617465 
0.929554 0.874337 1.036831 0.732195 0.582272 
0.952609 0.963227 0.289952 1.667911 0.352171 
0.891142 0.837821 1.308146 0.224005 0.633025 
0.663676 1.385730 0.147045 1.585501 0.570128 
0.434048 1.763022 1.006875 0.819335 1.495050 
1.601612 0.022212 0.676903 0.142998 0.786018 
0.330145 1.621662 0.720048 0.486051 0.419362 
1.005293 1.336289 0.666932 0.303591 1.044730 
0.882523 0.391172 1.429775 0.727173 0.894199 
1.207638 -0.173731 0.786168 0.494302 0.799380 
0.697239 1.167473 0.834112 0.920929 0.843920 
0.941968 1.794280 0.325926 1.088663 0.016198 
0.621661 0.758160 1.193894 0.755590 1.353213 
1.532082 -0.175392 1.181974 0.962385 0.332583 
1.467499 0.628415 0.067119 1.039912 0.873587 
1.391750 1.175692 0.905322 1.558457 0.474045 
0.835476 0.900335 0.443273 1.117041 0.752899 
1.004692 0.693610 1.179275 1.103334 0.733119 
1.013127 1.485465 0.969831 0.812489 0.526337 
1.156400 0.608859 -0.045397 0.760135 1.582552 